Title="exact solution of burgers equation at t = 2.54"
Variables="x","theta","u" 
-0.995 -0.999443 0.00174929
-0.985 -0.99833 0.00524785
-0.975 -0.997216 0.00874642
-0.965 -0.996102 0.012245
-0.955 -0.994988 0.0157435
-0.945 -0.993875 0.019242
-0.935 -0.992761 0.0227405
-0.925 -0.991647 0.0262389
-0.915 -0.990533 0.0297374
-0.905 -0.989419 0.0332357
-0.895 -0.988305 0.0367341
-0.885 -0.98719 0.0402324
-0.875 -0.986076 0.0437306
-0.865 -0.984961 0.0472288
-0.855 -0.983846 0.0507269
-0.845 -0.982731 0.0542249
-0.835 -0.981616 0.0577228
-0.825 -0.980501 0.0612207
-0.815 -0.979385 0.0647185
-0.805 -0.978269 0.0682162
-0.795 -0.977153 0.0717138
-0.785 -0.976037 0.0752114
-0.775 -0.97492 0.0787088
-0.765 -0.973803 0.0822061
-0.755 -0.972686 0.0857033
-0.745 -0.971569 0.0892003
-0.735 -0.970451 0.0926973
-0.725 -0.969333 0.0961941
-0.715 -0.968215 0.0996908
-0.705 -0.967096 0.103187
-0.695 -0.965977 0.106684
-0.685 -0.964857 0.11018
-0.675 -0.963737 0.113676
-0.665 -0.962617 0.117172
-0.655 -0.961496 0.120668
-0.645 -0.960375 0.124163
-0.635 -0.959254 0.127659
-0.625 -0.958132 0.131154
-0.615 -0.957009 0.134649
-0.605 -0.955886 0.138144
-0.595 -0.954763 0.141639
-0.585 -0.953639 0.145133
-0.575 -0.952514 0.148628
-0.565 -0.951389 0.152122
-0.555 -0.950264 0.155616
-0.545 -0.949138 0.159109
-0.535 -0.948011 0.162603
-0.525 -0.946884 0.166096
-0.515 -0.945756 0.169589
-0.505 -0.944628 0.173082
-0.495 -0.943498 0.176574
-0.485 -0.942369 0.180066
-0.475 -0.941238 0.183558
-0.465 -0.940107 0.18705
-0.455 -0.938976 0.190542
-0.445 -0.937843 0.194033
-0.435 -0.93671 0.197524
-0.425 -0.935576 0.201014
-0.415 -0.934442 0.204505
-0.405 -0.933306 0.207995
-0.395 -0.93217 0.211484
-0.385 -0.931033 0.214974
-0.375 -0.929896 0.218463
-0.365 -0.928757 0.221952
-0.355 -0.927618 0.22544
-0.345 -0.926478 0.228928
-0.335 -0.925337 0.232416
-0.325 -0.924195 0.235904
-0.315 -0.923052 0.239391
-0.305 -0.921909 0.242877
-0.295 -0.920764 0.246364
-0.285 -0.919619 0.24985
-0.275 -0.918472 0.253336
-0.265 -0.917325 0.256821
-0.255 -0.916177 0.260306
-0.245 -0.915027 0.26379
-0.235 -0.913877 0.267274
-0.225 -0.912726 0.270758
-0.215 -0.911573 0.274241
-0.205 -0.91042 0.277724
-0.195 -0.909265 0.281207
-0.185 -0.90811 0.284689
-0.175 -0.906953 0.28817
-0.165 -0.905795 0.291652
-0.155 -0.904636 0.295132
-0.145 -0.903476 0.298613
-0.135 -0.902315 0.302092
-0.125 -0.901152 0.305572
-0.115 -0.899989 0.309051
-0.105 -0.898824 0.312529
-0.095 -0.897658 0.316007
-0.085 -0.89649 0.319484
-0.075 -0.895322 0.322961
-0.065 -0.894152 0.326438
-0.055 -0.89298 0.329914
-0.045 -0.891808 0.333389
-0.035 -0.890634 0.336864
-0.025 -0.889459 0.340338
-0.015 -0.888282 0.343812
-0.005 -0.887104 0.347285
0.005 0.887104 -0.347285
0.015 0.888282 -0.343812
0.025 0.889459 -0.340338
0.035 0.890634 -0.336864
0.045 0.891808 -0.333389
0.055 0.89298 -0.329914
0.065 0.894152 -0.326438
0.075 0.895322 -0.322961
0.085 0.89649 -0.319484
0.095 0.897658 -0.316007
0.105 0.898824 -0.312529
0.115 0.899989 -0.309051
0.125 0.901152 -0.305572
0.135 0.902315 -0.302092
0.145 0.903476 -0.298613
0.155 0.904636 -0.295132
0.165 0.905795 -0.291652
0.175 0.906953 -0.28817
0.185 0.90811 -0.284689
0.195 0.909265 -0.281207
0.205 0.91042 -0.277724
0.215 0.911573 -0.274241
0.225 0.912726 -0.270758
0.235 0.913877 -0.267274
0.245 0.915027 -0.26379
0.255 0.916177 -0.260306
0.265 0.917325 -0.256821
0.275 0.918472 -0.253336
0.285 0.919619 -0.24985
0.295 0.920764 -0.246364
0.305 0.921909 -0.242877
0.315 0.923052 -0.239391
0.325 0.924195 -0.235904
0.335 0.925337 -0.232416
0.345 0.926478 -0.228928
0.355 0.927618 -0.22544
0.365 0.928757 -0.221952
0.375 0.929896 -0.218463
0.385 0.931033 -0.214974
0.395 0.93217 -0.211484
0.405 0.933306 -0.207995
0.415 0.934442 -0.204505
0.425 0.935576 -0.201014
0.435 0.93671 -0.197524
0.445 0.937843 -0.194033
0.455 0.938976 -0.190542
0.465 0.940107 -0.18705
0.475 0.941238 -0.183558
0.485 0.942369 -0.180066
0.495 0.943498 -0.176574
0.505 0.944628 -0.173082
0.515 0.945756 -0.169589
0.525 0.946884 -0.166096
0.535 0.948011 -0.162603
0.545 0.949138 -0.159109
0.555 0.950264 -0.155616
0.565 0.951389 -0.152122
0.575 0.952514 -0.148628
0.585 0.953639 -0.145133
0.595 0.954763 -0.141639
0.605 0.955886 -0.138144
0.615 0.957009 -0.134649
0.625 0.958132 -0.131154
0.635 0.959254 -0.127659
0.645 0.960375 -0.124163
0.655 0.961496 -0.120668
0.665 0.962617 -0.117172
0.675 0.963737 -0.113676
0.685 0.964857 -0.11018
0.695 0.965977 -0.106684
0.705 0.967096 -0.103187
0.715 0.968215 -0.0996908
0.725 0.969333 -0.0961941
0.735 0.970451 -0.0926973
0.745 0.971569 -0.0892003
0.755 0.972686 -0.0857033
0.765 0.973803 -0.0822061
0.775 0.97492 -0.0787088
0.785 0.976037 -0.0752114
0.795 0.977153 -0.0717138
0.805 0.978269 -0.0682162
0.815 0.979385 -0.0647185
0.825 0.980501 -0.0612207
0.835 0.981616 -0.0577228
0.845 0.982731 -0.0542249
0.855 0.983846 -0.0507269
0.865 0.984961 -0.0472288
0.875 0.986076 -0.0437306
0.885 0.98719 -0.0402324
0.895 0.988305 -0.0367341
0.905 0.989419 -0.0332357
0.915 0.990533 -0.0297374
0.925 0.991647 -0.0262389
0.935 0.992761 -0.0227405
0.945 0.993875 -0.019242
0.955 0.994988 -0.0157435
0.965 0.996102 -0.012245
0.975 0.997216 -0.00874642
0.985 0.99833 -0.00524785
0.995 0.999443 -0.00174929
